Instance 0
  0.256585  0.0939473   0.961945  -0.143194
  0.962178  -0.119074  -0.245019 -0.0415487
 0.0915237   0.988432  -0.120947    0.29927
         0          0          0          1
Instance 1
-0.367485 -0.177239  0.912986 -0.083117
-0.887279  0.361025 -0.287051  0.126542
-0.278734 -0.915559 -0.289931  0.364266
        0         0         0         1
Instance 2
 -0.266801  -0.150613   0.951913 -0.0919885
 -0.960396 -0.0407993  -0.275636   0.125382
 0.0803514  -0.987753  -0.133763   0.321332
         0          0          0          1
Instance 3
  0.260225  0.0980949   0.960553  -0.137951
  0.965129 0.00290796  -0.261761 -0.0446982
-0.0284706   0.995173 -0.0939172   0.327936
         0          0          0          1
Instance 4
 -0.294612   -0.17739   0.939011 -0.0905235
 -0.955155  0.0852766  -0.283568   0.128195
-0.0297735  -0.980439  -0.194558   0.330327
         0          0          0          1
